version,1.6.0
info,balls_per_over,6
info,team,New Zealand
info,team,England
info,gender,male
info,season,2007/08
info,date,2008/02/12
info,event,England in New Zealand ODI Series
info,match_number,2
info,venue,Seddon Park
info,city,Hamilton
info,toss_winner,New Zealand
info,toss_decision,field
info,player_of_match,JD Ryder
info,umpire,Asad Rauf
info,umpire,GAV Baxter
info,reserve_umpire,BF Bowden
info,tv_umpire,EA Watkin
info,match_referee,AG Hurst
info,winner,New Zealand
info,winner_wickets,10
info,method,D/L
info,player,England,AN Cook
info,player,England,P Mustard
info,player,England,IR Bell
info,player,England,KP Pietersen
info,player,England,PD Collingwood
info,player,England,OA Shah
info,player,England,RS Bopara
info,player,England,GP Swann
info,player,England,SCJ Broad
info,player,England,RJ Sidebottom
info,player,England,JM Anderson
info,player,New Zealand,JD Ryder
info,player,New Zealand,BB McCullum
info,player,New Zealand,JM How
info,player,New Zealand,LRPL Taylor
info,player,New Zealand,SB Styris
info,player,New Zealand,PG Fulton
info,player,New Zealand,JDP Oram
info,player,New Zealand,DL Vettori
info,player,New Zealand,KD Mills
info,player,New Zealand,MJ Mason
info,player,New Zealand,CS Martin
info,registry,people,AG Hurst,ad7945c6
info,registry,people,AN Cook,f41598c1
info,registry,people,Asad Rauf,861606b7
info,registry,people,BB McCullum,b8a55852
info,registry,people,BF Bowden,efc0a862
info,registry,people,CS Martin,05e0fab5
info,registry,people,DL Vettori,d7c6af50
info,registry,people,EA Watkin,147afe9d
info,registry,people,GAV Baxter,cb4b3ab0
info,registry,people,GP Swann,221ad9d9
info,registry,people,IR Bell,33155d1b
info,registry,people,JD Ryder,91ffa6c6
info,registry,people,JDP Oram,3eac9d95
info,registry,people,JM Anderson,d12143bf
info,registry,people,JM How,fd8f11e9
info,registry,people,KD Mills,7fb32e5b
info,registry,people,KP Pietersen,39f01cdb
info,registry,people,LRPL Taylor,b61a3e1a
info,registry,people,MJ Mason,aab3e7be
info,registry,people,OA Shah,7bf96684
info,registry,people,P Mustard,1b6fef02
info,registry,people,PD Collingwood,a386e91b
info,registry,people,PG Fulton,10a2a1ff
info,registry,people,RJ Sidebottom,9dca07d7
info,registry,people,RS Bopara,7ca5e05d
info,registry,people,SB Styris,57efa3be
info,registry,people,SCJ Broad,eba6a852
ball,1,0.1,England,AN Cook,P Mustard,KD Mills,0,0,,,,,,"",""
ball,1,0.2,England,AN Cook,P Mustard,KD Mills,0,0,,,,,,"",""
ball,1,0.3,England,AN Cook,P Mustard,KD Mills,0,0,,,,,,"",""
ball,1,0.4,England,AN Cook,P Mustard,KD Mills,0,0,,,,,,"",""
ball,1,0.5,England,AN Cook,P Mustard,KD Mills,3,0,,,,,,"",""
ball,1,0.6,England,P Mustard,AN Cook,KD Mills,0,0,,,,,,"",""
ball,1,1.1,England,AN Cook,P Mustard,CS Martin,0,0,,,,,,"",""
ball,1,1.2,England,AN Cook,P Mustard,CS Martin,0,0,,,,,,"",""
ball,1,1.3,England,AN Cook,P Mustard,CS Martin,4,0,,,,,,"",""
ball,1,1.4,England,AN Cook,P Mustard,CS Martin,0,0,,,,,,"",""
ball,1,1.5,England,AN Cook,P Mustard,CS Martin,0,0,,,,,,"",""
ball,1,1.6,England,AN Cook,P Mustard,CS Martin,1,0,,,,,,"",""
ball,1,2.1,England,AN Cook,P Mustard,KD Mills,2,0,,,,,,"",""
ball,1,2.2,England,AN Cook,P Mustard,KD Mills,4,0,,,,,,"",""
ball,1,2.3,England,AN Cook,P Mustard,KD Mills,0,0,,,,,,"",""
ball,1,2.4,England,AN Cook,P Mustard,KD Mills,0,0,,,,,,"",""
ball,1,2.5,England,AN Cook,P Mustard,KD Mills,4,0,,,,,,"",""
ball,1,2.6,England,AN Cook,P Mustard,KD Mills,0,0,,,,,,"",""
ball,1,3.1,England,P Mustard,AN Cook,CS Martin,1,0,,,,,,"",""
ball,1,3.2,England,AN Cook,P Mustard,CS Martin,0,0,,,,,,"",""
ball,1,3.3,England,AN Cook,P Mustard,CS Martin,0,0,,,,,,"",""
ball,1,3.4,England,AN Cook,P Mustard,CS Martin,0,0,,,,,,"",""
ball,1,3.5,England,AN Cook,P Mustard,CS Martin,0,1,1,,,,,"",""
ball,1,3.6,England,AN Cook,P Mustard,CS Martin,1,0,,,,,,"",""
ball,1,3.7,England,P Mustard,AN Cook,CS Martin,0,0,,,,,,"",""
ball,1,4.1,England,AN Cook,P Mustard,KD Mills,0,0,,,,,,"",""
ball,1,4.2,England,AN Cook,P Mustard,KD Mills,4,0,,,,,,"",""
ball,1,4.3,England,AN Cook,P Mustard,KD Mills,1,0,,,,,,"",""
ball,1,4.4,England,P Mustard,AN Cook,KD Mills,4,0,,,,,,"",""
ball,1,4.5,England,P Mustard,AN Cook,KD Mills,1,0,,,,,,"",""
ball,1,4.6,England,AN Cook,P Mustard,KD Mills,2,0,,,,,,"",""
ball,1,5.1,England,P Mustard,AN Cook,CS Martin,1,0,,,,,,"",""
ball,1,5.2,England,AN Cook,P Mustard,CS Martin,1,0,,,,,,"",""
ball,1,5.3,England,P Mustard,AN Cook,CS Martin,6,0,,,,,,"",""
ball,1,5.4,England,P Mustard,AN Cook,CS Martin,0,0,,,,,,caught,P Mustard
ball,1,5.5,England,IR Bell,AN Cook,CS Martin,0,0,,,,,,caught,IR Bell
ball,1,5.6,England,KP Pietersen,AN Cook,CS Martin,1,0,,,,,,"",""
ball,1,6.1,England,KP Pietersen,AN Cook,KD Mills,0,0,,,,,,"",""
ball,1,6.2,England,KP Pietersen,AN Cook,KD Mills,0,0,,,,,,"",""
ball,1,6.3,England,KP Pietersen,AN Cook,KD Mills,0,0,,,,,,"",""
ball,1,6.4,England,KP Pietersen,AN Cook,KD Mills,0,0,,,,,,"",""
ball,1,6.5,England,KP Pietersen,AN Cook,KD Mills,0,0,,,,,,"",""
ball,1,6.6,England,KP Pietersen,AN Cook,KD Mills,4,0,,,,,,"",""
ball,1,7.1,England,AN Cook,KP Pietersen,CS Martin,1,0,,,,,,"",""
ball,1,7.2,England,KP Pietersen,AN Cook,CS Martin,2,0,,,,,,"",""
ball,1,7.3,England,KP Pietersen,AN Cook,CS Martin,0,0,,,,,,"",""
ball,1,7.4,England,KP Pietersen,AN Cook,CS Martin,0,0,,,,,,"",""
ball,1,7.5,England,KP Pietersen,AN Cook,CS Martin,0,0,,,,,,"",""
ball,1,7.6,England,KP Pietersen,AN Cook,CS Martin,0,0,,,,,,"",""
ball,1,8.1,England,AN Cook,KP Pietersen,MJ Mason,1,0,,,,,,"",""
ball,1,8.2,England,KP Pietersen,AN Cook,MJ Mason,0,0,,,,,,"",""
ball,1,8.3,England,KP Pietersen,AN Cook,MJ Mason,0,0,,,,,,"",""
ball,1,8.4,England,KP Pietersen,AN Cook,MJ Mason,0,0,,,,,,"",""
ball,1,8.5,England,KP Pietersen,AN Cook,MJ Mason,1,0,,,,,,"",""
ball,1,8.6,England,AN Cook,KP Pietersen,MJ Mason,0,0,,,,,,"",""
ball,1,9.1,England,KP Pietersen,AN Cook,CS Martin,1,0,,,,,,"",""
ball,1,9.2,England,AN Cook,KP Pietersen,CS Martin,1,0,,,,,,"",""
ball,1,9.3,England,KP Pietersen,AN Cook,CS Martin,6,0,,,,,,"",""
ball,1,9.4,England,KP Pietersen,AN Cook,CS Martin,4,0,,,,,,"",""
ball,1,9.5,England,KP Pietersen,AN Cook,CS Martin,4,0,,,,,,"",""
ball,1,9.6,England,KP Pietersen,AN Cook,CS Martin,0,0,,,,,,"",""
ball,1,10.1,England,AN Cook,KP Pietersen,MJ Mason,0,0,,,,,,"",""
ball,1,10.2,England,AN Cook,KP Pietersen,MJ Mason,1,0,,,,,,"",""
ball,1,10.3,England,KP Pietersen,AN Cook,MJ Mason,4,0,,,,,,"",""
ball,1,10.4,England,KP Pietersen,AN Cook,MJ Mason,0,0,,,,,,"",""
ball,1,10.5,England,KP Pietersen,AN Cook,MJ Mason,0,0,,,,,,"",""
ball,1,10.6,England,KP Pietersen,AN Cook,MJ Mason,1,0,,,,,,"",""
ball,1,11.1,England,KP Pietersen,AN Cook,CS Martin,0,1,,,,1,,"",""
ball,1,11.2,England,AN Cook,KP Pietersen,CS Martin,0,0,,,,,,"",""
ball,1,11.3,England,AN Cook,KP Pietersen,CS Martin,0,0,,,,,,"",""
ball,1,11.4,England,AN Cook,KP Pietersen,CS Martin,0,0,,,,,,"",""
ball,1,11.5,England,AN Cook,KP Pietersen,CS Martin,0,0,,,,,,"",""
ball,1,11.6,England,AN Cook,KP Pietersen,CS Martin,1,0,,,,,,"",""
ball,1,12.1,England,AN Cook,KP Pietersen,MJ Mason,0,0,,,,,,"",""
ball,1,12.2,England,AN Cook,KP Pietersen,MJ Mason,0,0,,,,,,"",""
ball,1,12.3,England,AN Cook,KP Pietersen,MJ Mason,1,0,,,,,,"",""
ball,1,12.4,England,KP Pietersen,AN Cook,MJ Mason,0,0,,,,,,"",""
ball,1,12.5,England,KP Pietersen,AN Cook,MJ Mason,0,0,,,,,,"",""
ball,1,12.6,England,KP Pietersen,AN Cook,MJ Mason,1,0,,,,,,"",""
ball,1,13.1,England,KP Pietersen,AN Cook,JDP Oram,0,1,,,,1,,"",""
ball,1,13.2,England,AN Cook,KP Pietersen,JDP Oram,0,0,,,,,,"",""
ball,1,13.3,England,AN Cook,KP Pietersen,JDP Oram,0,0,,,,,,"",""
ball,1,13.4,England,AN Cook,KP Pietersen,JDP Oram,3,0,,,,,,"",""
ball,1,13.5,England,KP Pietersen,AN Cook,JDP Oram,0,0,,,,,,"",""
ball,1,13.6,England,KP Pietersen,AN Cook,JDP Oram,0,0,,,,,,"",""
ball,1,14.1,England,AN Cook,KP Pietersen,MJ Mason,0,0,,,,,,"",""
ball,1,14.2,England,AN Cook,KP Pietersen,MJ Mason,4,0,,,,,,"",""
ball,1,14.3,England,AN Cook,KP Pietersen,MJ Mason,0,0,,,,,,"",""
ball,1,14.4,England,AN Cook,KP Pietersen,MJ Mason,0,0,,,,,,"",""
ball,1,14.5,England,AN Cook,KP Pietersen,MJ Mason,0,0,,,,,,"",""
ball,1,14.6,England,AN Cook,KP Pietersen,MJ Mason,0,0,,,,,,"",""
ball,1,15.1,England,KP Pietersen,AN Cook,JDP Oram,0,0,,,,,,"",""
ball,1,15.2,England,KP Pietersen,AN Cook,JDP Oram,0,0,,,,,,"",""
ball,1,15.3,England,KP Pietersen,AN Cook,JDP Oram,0,0,,,,,,"",""
ball,1,15.4,England,KP Pietersen,AN Cook,JDP Oram,0,0,,,,,,"",""
ball,1,15.5,England,KP Pietersen,AN Cook,JDP Oram,0,0,,,,,,"",""
ball,1,15.6,England,KP Pietersen,AN Cook,JDP Oram,0,0,,,,,,"",""
ball,1,16.1,England,AN Cook,KP Pietersen,MJ Mason,4,0,,,,,,"",""
ball,1,16.2,England,AN Cook,KP Pietersen,MJ Mason,1,0,,,,,,"",""
ball,1,16.3,England,KP Pietersen,AN Cook,MJ Mason,0,0,,,,,,lbw,KP Pietersen
ball,1,16.4,England,PD Collingwood,AN Cook,MJ Mason,1,0,,,,,,run out,PD Collingwood
ball,1,16.5,England,OA Shah,AN Cook,MJ Mason,0,0,,,,,,"",""
ball,1,16.6,England,OA Shah,AN Cook,MJ Mason,0,0,,,,,,"",""
ball,1,17.1,England,AN Cook,OA Shah,JDP Oram,0,0,,,,,,"",""
ball,1,17.2,England,AN Cook,OA Shah,JDP Oram,0,4,,,4,,,"",""
ball,1,17.3,England,AN Cook,OA Shah,JDP Oram,0,0,,,,,,"",""
ball,1,17.4,England,AN Cook,OA Shah,JDP Oram,0,0,,,,,,"",""
ball,1,17.5,England,AN Cook,OA Shah,JDP Oram,0,0,,,,,,"",""
ball,1,17.6,England,AN Cook,OA Shah,JDP Oram,1,0,,,,,,"",""
ball,1,18.1,England,AN Cook,OA Shah,MJ Mason,1,0,,,,,,"",""
ball,1,18.2,England,OA Shah,AN Cook,MJ Mason,0,0,,,,,,"",""
ball,1,18.3,England,OA Shah,AN Cook,MJ Mason,0,0,,,,,,"",""
ball,1,18.4,England,OA Shah,AN Cook,MJ Mason,0,0,,,,,,bowled,OA Shah
ball,1,18.5,England,RS Bopara,AN Cook,MJ Mason,0,0,,,,,,"",""
ball,1,18.6,England,RS Bopara,AN Cook,MJ Mason,0,1,1,,,,,"",""
ball,1,18.7,England,RS Bopara,AN Cook,MJ Mason,1,0,,,,,,"",""
ball,1,19.1,England,RS Bopara,AN Cook,JDP Oram,0,0,,,,,,"",""
ball,1,19.2,England,RS Bopara,AN Cook,JDP Oram,0,0,,,,,,"",""
ball,1,19.3,England,RS Bopara,AN Cook,JDP Oram,1,0,,,,,,"",""
ball,1,19.4,England,AN Cook,RS Bopara,JDP Oram,0,0,,,,,,"",""
ball,1,19.5,England,AN Cook,RS Bopara,JDP Oram,0,0,,,,,,"",""
ball,1,19.6,England,AN Cook,RS Bopara,JDP Oram,0,0,,,,,,"",""
ball,1,20.1,England,RS Bopara,AN Cook,MJ Mason,0,0,,,,,,"",""
ball,1,20.2,England,RS Bopara,AN Cook,MJ Mason,0,0,,,,,,"",""
ball,1,20.3,England,RS Bopara,AN Cook,MJ Mason,4,0,,,,,,"",""
ball,1,20.4,England,RS Bopara,AN Cook,MJ Mason,0,0,,,,,,"",""
ball,1,20.5,England,RS Bopara,AN Cook,MJ Mason,1,0,,,,,,"",""
ball,1,20.6,England,AN Cook,RS Bopara,MJ Mason,1,0,,,,,,"",""
ball,1,21.1,England,AN Cook,RS Bopara,JDP Oram,1,0,,,,,,"",""
ball,1,21.2,England,RS Bopara,AN Cook,JDP Oram,0,0,,,,,,"",""
ball,1,21.3,England,RS Bopara,AN Cook,JDP Oram,0,0,,,,,,"",""
ball,1,21.4,England,RS Bopara,AN Cook,JDP Oram,0,0,,,,,,"",""
ball,1,21.5,England,RS Bopara,AN Cook,JDP Oram,0,0,,,,,,"",""
ball,1,21.6,England,RS Bopara,AN Cook,JDP Oram,0,0,,,,,,"",""
ball,1,22.1,England,AN Cook,RS Bopara,CS Martin,0,0,,,,,,"",""
ball,1,22.2,England,AN Cook,RS Bopara,CS Martin,1,0,,,,,,"",""
ball,1,22.3,England,RS Bopara,AN Cook,CS Martin,0,0,,,,,,"",""
ball,1,22.4,England,RS Bopara,AN Cook,CS Martin,0,0,,,,,,"",""
ball,1,22.5,England,RS Bopara,AN Cook,CS Martin,0,0,,,,,,"",""
ball,1,22.6,England,RS Bopara,AN Cook,CS Martin,1,0,,,,,,"",""
ball,1,23.1,England,RS Bopara,AN Cook,DL Vettori,0,0,,,,,,"",""
ball,1,23.2,England,RS Bopara,AN Cook,DL Vettori,0,0,,,,,,"",""
ball,1,23.3,England,RS Bopara,AN Cook,DL Vettori,1,0,,,,,,"",""
ball,1,23.4,England,AN Cook,RS Bopara,DL Vettori,0,0,,,,,,"",""
ball,1,23.5,England,AN Cook,RS Bopara,DL Vettori,0,0,,,,,,"",""
ball,1,23.6,England,AN Cook,RS Bopara,DL Vettori,2,0,,,,,,"",""
ball,1,24.1,England,RS Bopara,AN Cook,CS Martin,2,0,,,,,,"",""
ball,1,24.2,England,RS Bopara,AN Cook,CS Martin,0,0,,,,,,"",""
ball,1,24.3,England,RS Bopara,AN Cook,CS Martin,0,0,,,,,,"",""
ball,1,24.4,England,RS Bopara,AN Cook,CS Martin,1,0,,,,,,"",""
ball,1,24.5,England,AN Cook,RS Bopara,CS Martin,1,0,,,,,,"",""
ball,1,24.6,England,RS Bopara,AN Cook,CS Martin,1,0,,,,,,"",""
ball,1,25.1,England,RS Bopara,AN Cook,DL Vettori,4,0,,,,,,"",""
ball,1,25.2,England,RS Bopara,AN Cook,DL Vettori,0,0,,,,,,"",""
ball,1,25.3,England,RS Bopara,AN Cook,DL Vettori,0,0,,,,,,"",""
ball,1,25.4,England,RS Bopara,AN Cook,DL Vettori,0,0,,,,,,"",""
ball,1,25.5,England,RS Bopara,AN Cook,DL Vettori,0,0,,,,,,run out,AN Cook
ball,1,25.6,England,GP Swann,RS Bopara,DL Vettori,0,0,,,,,,"",""
ball,1,26.1,England,RS Bopara,GP Swann,SB Styris,2,0,,,,,,"",""
ball,1,26.2,England,RS Bopara,GP Swann,SB Styris,0,0,,,,,,"",""
ball,1,26.3,England,RS Bopara,GP Swann,SB Styris,0,0,,,,,,"",""
ball,1,26.4,England,RS Bopara,GP Swann,SB Styris,0,0,,,,,,"",""
ball,1,26.5,England,RS Bopara,GP Swann,SB Styris,1,0,,,,,,"",""
ball,1,26.6,England,GP Swann,RS Bopara,SB Styris,1,0,,,,,,"",""
ball,1,27.1,England,GP Swann,RS Bopara,DL Vettori,0,0,,,,,,"",""
ball,1,27.2,England,GP Swann,RS Bopara,DL Vettori,0,1,1,,,,,"",""
ball,1,27.3,England,GP Swann,RS Bopara,DL Vettori,0,0,,,,,,"",""
ball,1,27.4,England,GP Swann,RS Bopara,DL Vettori,0,0,,,,,,"",""
ball,1,27.5,England,GP Swann,RS Bopara,DL Vettori,0,0,,,,,,caught,GP Swann
ball,1,27.6,England,SCJ Broad,RS Bopara,DL Vettori,0,0,,,,,,"",""
ball,1,27.7,England,SCJ Broad,RS Bopara,DL Vettori,0,0,,,,,,"",""
ball,1,28.1,England,RS Bopara,SCJ Broad,KD Mills,1,0,,,,,,"",""
ball,1,28.2,England,SCJ Broad,RS Bopara,KD Mills,0,0,,,,,,"",""
ball,1,28.3,England,SCJ Broad,RS Bopara,KD Mills,3,0,,,,,,"",""
ball,1,28.4,England,RS Bopara,SCJ Broad,KD Mills,0,0,,,,,,"",""
ball,1,28.5,England,RS Bopara,SCJ Broad,KD Mills,1,0,,,,,,"",""
ball,1,28.6,England,SCJ Broad,RS Bopara,KD Mills,0,0,,,,,,"",""
ball,1,29.1,England,RS Bopara,SCJ Broad,DL Vettori,1,0,,,,,,"",""
ball,1,29.2,England,SCJ Broad,RS Bopara,DL Vettori,0,0,,,,,,"",""
ball,1,29.3,England,SCJ Broad,RS Bopara,DL Vettori,0,0,,,,,,"",""
ball,1,29.4,England,SCJ Broad,RS Bopara,DL Vettori,4,0,,,,,,"",""
ball,1,29.5,England,SCJ Broad,RS Bopara,DL Vettori,0,0,,,,,,"",""
ball,1,29.6,England,SCJ Broad,RS Bopara,DL Vettori,1,0,,,,,,"",""
ball,1,30.1,England,SCJ Broad,RS Bopara,KD Mills,4,0,,,,,,"",""
ball,1,30.2,England,SCJ Broad,RS Bopara,KD Mills,0,0,,,,,,"",""
ball,1,30.3,England,SCJ Broad,RS Bopara,KD Mills,0,0,,,,,,"",""
ball,1,30.4,England,SCJ Broad,RS Bopara,KD Mills,1,0,,,,,,"",""
ball,1,30.5,England,RS Bopara,SCJ Broad,KD Mills,0,0,,,,,,caught,RS Bopara
ball,1,30.6,England,SCJ Broad,RJ Sidebottom,KD Mills,6,0,,,,,,"",""
ball,1,31.1,England,RJ Sidebottom,SCJ Broad,DL Vettori,0,0,,,,,,"",""
ball,1,31.2,England,RJ Sidebottom,SCJ Broad,DL Vettori,1,0,,,,,,"",""
ball,1,31.3,England,SCJ Broad,RJ Sidebottom,DL Vettori,0,0,,,,,,"",""
ball,1,31.4,England,SCJ Broad,RJ Sidebottom,DL Vettori,0,0,,,,,,"",""
ball,1,31.5,England,SCJ Broad,RJ Sidebottom,DL Vettori,0,0,,,,,,"",""
ball,1,31.6,England,SCJ Broad,RJ Sidebottom,DL Vettori,0,0,,,,,,"",""
ball,1,32.1,England,RJ Sidebottom,SCJ Broad,JDP Oram,0,0,,,,,,"",""
ball,1,32.2,England,RJ Sidebottom,SCJ Broad,JDP Oram,1,0,,,,,,"",""
ball,1,32.3,England,SCJ Broad,RJ Sidebottom,JDP Oram,0,0,,,,,,"",""
ball,1,32.4,England,SCJ Broad,RJ Sidebottom,JDP Oram,0,0,,,,,,"",""
ball,1,32.5,England,SCJ Broad,RJ Sidebottom,JDP Oram,1,0,,,,,,"",""
ball,1,32.6,England,RJ Sidebottom,SCJ Broad,JDP Oram,0,0,,,,,,"",""
ball,1,33.1,England,SCJ Broad,RJ Sidebottom,DL Vettori,0,0,,,,,,"",""
ball,1,33.2,England,SCJ Broad,RJ Sidebottom,DL Vettori,0,0,,,,,,"",""
ball,1,33.3,England,SCJ Broad,RJ Sidebottom,DL Vettori,0,0,,,,,,"",""
ball,1,33.4,England,SCJ Broad,RJ Sidebottom,DL Vettori,0,0,,,,,,run out,RJ Sidebottom
ball,1,33.5,England,JM Anderson,SCJ Broad,DL Vettori,0,1,,,1,,,"",""
ball,1,33.6,England,SCJ Broad,JM Anderson,DL Vettori,1,0,,,,,,"",""
ball,1,34.1,England,SCJ Broad,JM Anderson,JDP Oram,0,0,,,,,,"",""
ball,1,34.2,England,SCJ Broad,JM Anderson,JDP Oram,1,0,,,,,,"",""
ball,1,34.3,England,JM Anderson,SCJ Broad,JDP Oram,2,0,,,,,,"",""
ball,1,34.4,England,JM Anderson,SCJ Broad,JDP Oram,0,1,,,,1,,"",""
ball,1,34.5,England,SCJ Broad,JM Anderson,JDP Oram,1,0,,,,,,"",""
ball,1,34.6,England,JM Anderson,SCJ Broad,JDP Oram,0,0,,,,,,"",""
ball,1,35.1,England,SCJ Broad,JM Anderson,DL Vettori,0,0,,,,,,caught,SCJ Broad
ball,2,0.1,New Zealand,JD Ryder,BB McCullum,RJ Sidebottom,0,0,,,,,,"",""
ball,2,0.2,New Zealand,JD Ryder,BB McCullum,RJ Sidebottom,0,0,,,,,,"",""
ball,2,0.3,New Zealand,JD Ryder,BB McCullum,RJ Sidebottom,0,0,,,,,,"",""
ball,2,0.4,New Zealand,JD Ryder,BB McCullum,RJ Sidebottom,0,0,,,,,,"",""
ball,2,0.5,New Zealand,JD Ryder,BB McCullum,RJ Sidebottom,0,0,,,,,,"",""
ball,2,0.6,New Zealand,JD Ryder,BB McCullum,RJ Sidebottom,0,0,,,,,,"",""
ball,2,1.1,New Zealand,BB McCullum,JD Ryder,JM Anderson,0,1,1,,,,,"",""
ball,2,1.2,New Zealand,BB McCullum,JD Ryder,JM Anderson,1,0,,,,,,"",""
ball,2,1.3,New Zealand,JD Ryder,BB McCullum,JM Anderson,0,0,,,,,,"",""
ball,2,1.4,New Zealand,JD Ryder,BB McCullum,JM Anderson,4,0,,,,,,"",""
ball,2,1.5,New Zealand,JD Ryder,BB McCullum,JM Anderson,0,0,,,,,,"",""
ball,2,1.6,New Zealand,JD Ryder,BB McCullum,JM Anderson,0,0,,,,,,"",""
ball,2,1.7,New Zealand,JD Ryder,BB McCullum,JM Anderson,0,0,,,,,,"",""
ball,2,2.1,New Zealand,BB McCullum,JD Ryder,RJ Sidebottom,0,0,,,,,,"",""
ball,2,2.2,New Zealand,BB McCullum,JD Ryder,RJ Sidebottom,0,0,,,,,,"",""
ball,2,2.3,New Zealand,BB McCullum,JD Ryder,RJ Sidebottom,0,0,,,,,,"",""
ball,2,2.4,New Zealand,BB McCullum,JD Ryder,RJ Sidebottom,0,0,,,,,,"",""
ball,2,2.5,New Zealand,BB McCullum,JD Ryder,RJ Sidebottom,4,0,,,,,,"",""
ball,2,2.6,New Zealand,BB McCullum,JD Ryder,RJ Sidebottom,0,1,,,,1,,"",""
ball,2,3.1,New Zealand,BB McCullum,JD Ryder,JM Anderson,6,0,,,,,,"",""
ball,2,3.2,New Zealand,BB McCullum,JD Ryder,JM Anderson,4,0,,,,,,"",""
ball,2,3.3,New Zealand,BB McCullum,JD Ryder,JM Anderson,1,0,,,,,,"",""
ball,2,3.4,New Zealand,JD Ryder,BB McCullum,JM Anderson,0,0,,,,,,"",""
ball,2,3.5,New Zealand,JD Ryder,BB McCullum,JM Anderson,0,0,,,,,,"",""
ball,2,3.6,New Zealand,JD Ryder,BB McCullum,JM Anderson,4,0,,,,,,"",""
ball,2,4.1,New Zealand,BB McCullum,JD Ryder,RJ Sidebottom,4,0,,,,,,"",""
ball,2,4.2,New Zealand,BB McCullum,JD Ryder,RJ Sidebottom,1,0,,,,,,"",""
ball,2,4.3,New Zealand,JD Ryder,BB McCullum,RJ Sidebottom,0,0,,,,,,"",""
ball,2,4.4,New Zealand,JD Ryder,BB McCullum,RJ Sidebottom,0,0,,,,,,"",""
ball,2,4.5,New Zealand,JD Ryder,BB McCullum,RJ Sidebottom,2,0,,,,,,"",""
ball,2,4.6,New Zealand,JD Ryder,BB McCullum,RJ Sidebottom,1,0,,,,,,"",""
ball,2,5.1,New Zealand,JD Ryder,BB McCullum,SCJ Broad,0,0,,,,,,"",""
ball,2,5.2,New Zealand,JD Ryder,BB McCullum,SCJ Broad,4,0,,,,,,"",""
ball,2,5.3,New Zealand,JD Ryder,BB McCullum,SCJ Broad,0,0,,,,,,"",""
ball,2,5.4,New Zealand,JD Ryder,BB McCullum,SCJ Broad,4,0,,,,,,"",""
ball,2,5.5,New Zealand,JD Ryder,BB McCullum,SCJ Broad,4,0,,,,,,"",""
ball,2,5.6,New Zealand,JD Ryder,BB McCullum,SCJ Broad,1,0,,,,,,"",""
ball,2,6.1,New Zealand,JD Ryder,BB McCullum,RJ Sidebottom,2,0,,,,,,"",""
ball,2,6.2,New Zealand,JD Ryder,BB McCullum,RJ Sidebottom,0,0,,,,,,"",""
ball,2,6.3,New Zealand,JD Ryder,BB McCullum,RJ Sidebottom,4,0,,,,,,"",""
ball,2,6.4,New Zealand,JD Ryder,BB McCullum,RJ Sidebottom,4,0,,,,,,"",""
ball,2,6.5,New Zealand,JD Ryder,BB McCullum,RJ Sidebottom,4,0,,,,,,"",""
ball,2,6.6,New Zealand,JD Ryder,BB McCullum,RJ Sidebottom,1,0,,,,,,"",""
ball,2,7.1,New Zealand,JD Ryder,BB McCullum,SCJ Broad,0,0,,,,,,"",""
ball,2,7.2,New Zealand,JD Ryder,BB McCullum,SCJ Broad,1,0,,,,,,"",""
ball,2,7.3,New Zealand,BB McCullum,JD Ryder,SCJ Broad,0,0,,,,,,"",""
ball,2,7.4,New Zealand,BB McCullum,JD Ryder,SCJ Broad,2,0,,,,,,"",""
ball,2,7.5,New Zealand,BB McCullum,JD Ryder,SCJ Broad,6,0,,,,,,"",""
ball,2,7.6,New Zealand,BB McCullum,JD Ryder,SCJ Broad,0,0,,,,,,"",""
ball,2,8.1,New Zealand,JD Ryder,BB McCullum,JM Anderson,0,0,,,,,,"",""
ball,2,8.2,New Zealand,JD Ryder,BB McCullum,JM Anderson,0,0,,,,,,"",""
ball,2,8.3,New Zealand,JD Ryder,BB McCullum,JM Anderson,1,0,,,,,,"",""
ball,2,8.4,New Zealand,BB McCullum,JD Ryder,JM Anderson,3,0,,,,,,"",""
ball,2,8.5,New Zealand,JD Ryder,BB McCullum,JM Anderson,0,0,,,,,,"",""
ball,2,8.6,New Zealand,JD Ryder,BB McCullum,JM Anderson,0,0,,,,,,"",""
ball,2,9.1,New Zealand,BB McCullum,JD Ryder,SCJ Broad,0,0,,,,,,"",""
ball,2,9.2,New Zealand,BB McCullum,JD Ryder,SCJ Broad,0,0,,,,,,"",""
ball,2,9.3,New Zealand,BB McCullum,JD Ryder,SCJ Broad,6,0,,,,,,"",""
ball,2,9.4,New Zealand,BB McCullum,JD Ryder,SCJ Broad,4,0,,,,,,"",""
ball,2,9.5,New Zealand,BB McCullum,JD Ryder,SCJ Broad,0,0,,,,,,"",""
ball,2,9.6,New Zealand,BB McCullum,JD Ryder,SCJ Broad,0,0,,,,,,"",""
ball,2,10.1,New Zealand,JD Ryder,BB McCullum,JM Anderson,4,0,,,,,,"",""
ball,2,10.2,New Zealand,JD Ryder,BB McCullum,JM Anderson,6,0,,,,,,"",""
ball,2,10.3,New Zealand,JD Ryder,BB McCullum,JM Anderson,4,0,,,,,,"",""
ball,2,10.4,New Zealand,JD Ryder,BB McCullum,JM Anderson,0,0,,,,,,"",""
ball,2,10.5,New Zealand,JD Ryder,BB McCullum,JM Anderson,0,0,,,,,,"",""
ball,2,10.6,New Zealand,JD Ryder,BB McCullum,JM Anderson,4,0,,,,,,"",""
ball,2,11.1,New Zealand,BB McCullum,JD Ryder,GP Swann,0,1,,,,1,,"",""
ball,2,11.2,New Zealand,JD Ryder,BB McCullum,GP Swann,1,0,,,,,,"",""
ball,2,11.3,New Zealand,BB McCullum,JD Ryder,GP Swann,0,0,,,,,,"",""
ball,2,11.4,New Zealand,BB McCullum,JD Ryder,GP Swann,4,0,,,,,,"",""
ball,2,11.5,New Zealand,BB McCullum,JD Ryder,GP Swann,4,0,,,,,,"",""
ball,2,11.6,New Zealand,BB McCullum,JD Ryder,GP Swann,4,0,,,,,,"",""
ball,2,12.1,New Zealand,JD Ryder,BB McCullum,PD Collingwood,2,0,,,,,,"",""
ball,2,12.2,New Zealand,JD Ryder,BB McCullum,PD Collingwood,0,0,,,,,,"",""
ball,2,12.3,New Zealand,JD Ryder,BB McCullum,PD Collingwood,0,0,,,,,,"",""
ball,2,12.4,New Zealand,JD Ryder,BB McCullum,PD Collingwood,2,0,,,,,,"",""
ball,2,12.5,New Zealand,JD Ryder,BB McCullum,PD Collingwood,1,0,,,,,,"",""
ball,2,12.6,New Zealand,BB McCullum,JD Ryder,PD Collingwood,1,0,,,,,,"",""
ball,2,13.1,New Zealand,BB McCullum,JD Ryder,GP Swann,0,0,,,,,,"",""
ball,2,13.2,New Zealand,BB McCullum,JD Ryder,GP Swann,6,0,,,,,,"",""
ball,2,13.3,New Zealand,BB McCullum,JD Ryder,GP Swann,0,0,,,,,,"",""
ball,2,13.4,New Zealand,BB McCullum,JD Ryder,GP Swann,1,0,,,,,,"",""
ball,2,13.5,New Zealand,JD Ryder,BB McCullum,GP Swann,1,0,,,,,,"",""
ball,2,13.6,New Zealand,BB McCullum,JD Ryder,GP Swann,6,0,,,,,,"",""
ball,2,14.1,New Zealand,JD Ryder,BB McCullum,PD Collingwood,6,0,,,,,,"",""
ball,2,14.2,New Zealand,JD Ryder,BB McCullum,PD Collingwood,0,1,,,,1,,"",""
ball,2,14.3,New Zealand,BB McCullum,JD Ryder,PD Collingwood,0,0,,,,,,"",""
ball,2,14.4,New Zealand,BB McCullum,JD Ryder,PD Collingwood,0,0,,,,,,"",""
ball,2,14.5,New Zealand,BB McCullum,JD Ryder,PD Collingwood,0,0,,,,,,"",""
ball,2,14.6,New Zealand,BB McCullum,JD Ryder,PD Collingwood,1,0,,,,,,"",""
ball,2,15.1,New Zealand,BB McCullum,JD Ryder,RJ Sidebottom,0,1,,,,1,,"",""
ball,2,15.2,New Zealand,JD Ryder,BB McCullum,RJ Sidebottom,0,0,,,,,,"",""
ball,2,15.3,New Zealand,JD Ryder,BB McCullum,RJ Sidebottom,1,0,,,,,,"",""
ball,2,15.4,New Zealand,BB McCullum,JD Ryder,RJ Sidebottom,1,0,,,,,,"",""
ball,2,15.5,New Zealand,JD Ryder,BB McCullum,RJ Sidebottom,2,0,,,,,,"",""
ball,2,15.6,New Zealand,JD Ryder,BB McCullum,RJ Sidebottom,0,0,,,,,,"",""
ball,2,16.1,New Zealand,BB McCullum,JD Ryder,PD Collingwood,0,0,,,,,,"",""
ball,2,16.2,New Zealand,BB McCullum,JD Ryder,PD Collingwood,1,0,,,,,,"",""
ball,2,16.3,New Zealand,JD Ryder,BB McCullum,PD Collingwood,0,0,,,,,,"",""
ball,2,16.4,New Zealand,JD Ryder,BB McCullum,PD Collingwood,0,0,,,,,,"",""
ball,2,16.5,New Zealand,JD Ryder,BB McCullum,PD Collingwood,1,0,,,,,,"",""
ball,2,16.6,New Zealand,BB McCullum,JD Ryder,PD Collingwood,2,0,,,,,,"",""
ball,2,17.1,New Zealand,JD Ryder,BB McCullum,RJ Sidebottom,1,0,,,,,,"",""
ball,2,17.2,New Zealand,BB McCullum,JD Ryder,RJ Sidebottom,1,0,,,,,,"",""
ball,2,17.3,New Zealand,JD Ryder,BB McCullum,RJ Sidebottom,1,0,,,,,,"",""
ball,2,17.4,New Zealand,BB McCullum,JD Ryder,RJ Sidebottom,0,1,1,,,,,"",""
ball,2,17.5,New Zealand,BB McCullum,JD Ryder,RJ Sidebottom,1,0,,,,,,"",""
ball,2,17.6,New Zealand,JD Ryder,BB McCullum,RJ Sidebottom,1,0,,,,,,"",""
ball,2,17.7,New Zealand,BB McCullum,JD Ryder,RJ Sidebottom,1,0,,,,,,"",""
ball,2,18.1,New Zealand,BB McCullum,JD Ryder,PD Collingwood,4,0,,,,,,"",""
